starting array: [150, 182, 178, 192, 121, 196, 153, 185, 178, 197, 152, 192, 106, 191, 172, 129, 137, 198,
163, 134, 160, 190, 169, 134, 161, 128, 198, 176, 200, 188, 188, 162, 188, 164, 142, 191, 156, 162, 195,
189, 164, 173, 187, 129, 177, 164, 138, 177, 167, 197]
starting processes: 13916
processes: 5496
processes: 1296
processes: 2
processes: 2
 array: [41, 41, 41, 40, 40, 40, 40, 40, 39, 38, 38, 37, 35, 34, 34, 33, 33, 32, 32, 32, 30,
 26, 25, 24, 24, 24, 24, 24, 24, 24, 24, 23, 23, 23, 23, 23, 23, 23, 23, 23, 22, 22, 22, 22, 22,
 22, 21, 21, 21, 20]
